       969
       996
      1016
      1013
      1022
      1006
      1044
       995
       993
      1018
       982
       939
      1030
      1005
       964
       970
       958
       952
      1014
      1000
       972
       965
       987
      1046
       953
       998
      1001
       954
       972
       945
      1013
      1016
       986
       975
      1003
      1024
      1031
      1052
       945
      1017
      1041
      1056
      1009
       933
      1028
       938
       949
       989
      1001
       985
      1025
      1023
      1028
       990
       928
      1006
       969
       979
       964
       983
       989
       992
      1056
       971
       998
       996
       968
       940
       943
      1042
      1001
       923
       982
       961
       954
      1025
       979
      1053
      1011
      1022
      1016
       970
       969
       965
